1693934266.49	750	4	0.012	450283	1	-0.05159999999999998
1693934266.76	4300	8	0.0	2123065	6	0.75
1693934266.87	4300	12	0.0	2177073	5	4.3
1693934267.11	4300	16.0	0.0	2160877	5	4.3
1693934267.22	4300	20	0.0	2233056	5	4.3
1693934267.47	4300	24	0.0	1941625	4	4.3
1693934267.57	4300	28	0.0	2157535	4	4.3
1693934267.82	4300	32	0.0	2290172	5	4.3
1693934267.92	4300	36	0.0	2055469	4	4.3
1693934268.18	4300	40	0.0	2169201	5	4.3
1693934268.26	4300	43.98959	0.0	2173522	4	4.3
1693934268.54	4300	47.913763	0.0	2102452	5	4.3
1693934268.61	4300	51.632336	0.0	2209463	4	4.3
1693934268.89	4300	55.55942	0.0	2275376	5	4.3
1693934268.96	4300	59.272037	0.0	2005399	4	4.3
1693934272.5	4300	59.840379	0.0	2152483	5	4.3
1693934276.91	4300	59.84418	0.0	2289689	4	4.3
1693934280.49	4300	59.817308	0.0	2059512	5	4.3
1693934284.88	4300	59.839791	0.0	2220726	4	4.3
1693934288.46	4300	59.855626	0.0	2156729	4	4.3
1693934292.87	4300	59.84892	0.0	2039773	4	4.3
1693934323.81	750	4	0.005	2354772	6	-2.8215
1693934324.17	4300	8	0.0	2123065	2	0.75
1693934324.43	4300	12	0.0	2177073	2	4.3
1693934324.52	4300	16.0	0.0	2160877	4	4.3
1693934324.78	4300	20	0.0	2233056	4	4.3
1693934324.88	4300	24	0.0	1941625	3	4.3
1693934325.13	4300	28	0.0	2157535	4	4.3
1693934325.25	4300	32	0.0	2290172	2	4.3
1693934325.48	4300	36	0.0	2055469	6	4.3
1693934325.61	4300	39.989232	0.0	2169201	1	4.3
1693934325.84	4300	43.858451	0.0	2173522	2	4.3
1693934325.96	4300	47.627243	0.0	2102452	2	4.3
1693934326.2	4300	51.515989	0.0	2209463	2	4.3
1693934326.3	4300	55.277325	0.0	2275376	4	4.3
1693934326.55	4300	59.174789	0.0	2005399	2	4.3
1693934337.72	4300	59.957438	0.0	2152483	3	4.3
